511150.182 6962104.105 2.182
511153.760 6962107.905 2.176
511154.696 6962110.476 1.712
511154.336 6962112.759 1.393
511154.641 6962110.411 2.606
511153.144 6962112.677 2.607
511154.040 6962112.609 2.690
511150.764 6962115.366 2.388
511150.777 6962116.652 2.716
511152.523 6962115.032 1.781
511155.427 6962114.360 1.841
511155.096 6962115.472 1.871
511151.843 6962116.659 1.889
511154.406 6962116.064 1.746
511154.554 6962116.788 1.749
511154.069 6962117.791 1.674
511155.444 6962117.693 1.751
511153.750 6962114.061 2.283
511151.324 6962118.509 1.187
511151.339 6962121.172 1.699
511150.756 6962119.716 3.016
511150.878 6962121.352 3.851
511154.126 6962118.348 1.660
511154.171 6962119.493 1.586
511152.431 6962121.494 1.253
511154.546 6962121.270 1.399
511152.153 6962120.823 2.612
511150.446 6962122.389 1.314
511150.463 6962122.400 2.025
511148.617 6962125.902 2.923
511149.877 6962125.416 3.385
511154.807 6962122.074 1.304
511151.697 6962125.374 1.059
511153.923 6962125.896 1.700
511151.721 6962123.562 3.451
511155.325 6962124.659 2.736
511150.996 6962121.346 4.142
511151.809 6962121.416 4.433
511148.571 6962125.661 5.484
511155.247 6962123.829 5.494
511154.857 6962124.291 4.761
511154.536 6962124.651 5.210
511138.913 6962132.196 4.553
511139.213 6962134.593 5.110
511146.574 6962127.414 3.683
511145.628 6962132.841 1.229
511146.320 6962132.205 3.080
511147.856 6962127.970 1.125
511149.545 6962129.728 1.127
511150.941 6962127.002 2.321
511147.929 6962128.831 3.874
511154.089 6962126.792 1.039
511148.410 6962131.323 1.070
511147.666 6962131.382 2.133
511149.056 6962126.759 4.324
511151.283 6962128.082 5.615
511152.883 6962126.553 5.239
511151.772 6962128.154 4.474
511153.338 6962127.548 6.118
511148.970 6962131.384 4.496
511153.019 6962130.377 4.580
511152.225 6962131.585 6.267
511141.170 6962135.985 2.796
511144.248 6962136.579 1.120
511141.407 6962140.361 2.521
511146.268 6962137.905 6.361
511149.923 6962137.651 1.094
511150.954 6962136.428 4.745
511152.783 6962136.006 6.460
511152.327 6962141.590 4.834
511078.410 6962188.624 3.622
511090.317 6962185.097 3.203
511086.214 6962188.990 3.612
511087.886 6962189.558 2.580
511086.312 6962182.052 7.404
511090.018 6962187.935 5.663
511090.361 6962175.403 9.706
511075.877 6962189.446 15.837
511084.597 6962189.404 9.630
511091.374 6962189.044 8.913
511083.862 6962186.820 12.658
511090.510 6962189.783 12.928
511074.050 6962198.410 7.073
511066.558 6962205.923 9.296
511072.831 6962199.879 11.125
511068.212 6962202.912 13.576
511083.154 6962192.373 2.211
511082.926 6962197.730 2.092
511083.028 6962194.205 5.844
511081.999 6962197.906 7.395
511085.191 6962192.791 2.127
511091.258 6962191.069 1.842
511091.019 6962193.349 1.833
511090.679 6962191.057 2.404
511090.749 6962192.958 2.299
511090.562 6962193.495 3.785
511086.144 6962194.167 3.575
511086.153 6962197.686 2.014
511090.926 6962194.100 1.852
511091.253 6962197.390 1.958
511089.938 6962194.965 2.088
511087.907 6962197.430 2.134
511083.570 6962192.812 5.794
511087.348 6962193.155 6.089
511090.034 6962191.754 4.563
511087.586 6962192.351 5.086
511090.576 6962192.729 4.111
511087.921 6962191.309 6.498
511086.549 6962194.465 4.706
511084.837 6962197.493 5.158
511086.462 6962197.524 5.281
511083.686 6962196.281 7.155
511085.725 6962197.323 7.853
511087.904 6962195.108 5.629
511088.954 6962196.835 4.289
511088.582 6962197.968 5.963
511089.018 6962195.515 6.520
511088.333 6962197.074 7.199
511080.438 6962199.103 1.697
511081.546 6962200.472 1.654
511082.438 6962201.675 1.527
511082.946 6962199.619 2.442
511081.116 6962201.676 3.620
511082.454 6962200.554 3.753
511083.162 6962201.785 3.803
511080.453 6962202.831 1.484
511081.355 6962203.096 1.462
511082.412 6962202.285 1.511
511083.317 6962202.771 1.478
511081.584 6962203.743 1.457
511083.214 6962203.038 1.473
511079.659 6962205.055 1.671
511082.642 6962204.263 1.407
511082.444 6962205.615 1.360
511082.828 6962205.066 1.941
511081.815 6962202.134 2.907
511081.786 6962203.691 3.155
511082.251 6962204.241 2.143
511082.971 6962204.369 2.907
511083.169 6962205.673 2.728
511082.459 6962204.809 3.790
511083.038 6962204.807 3.539
511078.944 6962200.126 5.230
511082.549 6962199.685 4.883
511080.903 6962200.521 5.945
511081.955 6962201.601 4.685
511082.966 6962201.888 5.327
511083.074 6962199.602 6.304
511082.063 6962200.064 6.518
511082.182 6962201.391 7.818
511077.896 6962205.377 4.691
511082.548 6962202.551 5.374
511086.981 6962199.391 1.664
511084.831 6962201.172 1.582
511087.404 6962200.593 1.574
511085.413 6962198.123 2.862
511086.034 6962198.239 2.980
511087.236 6962198.711 3.614
511084.388 6962201.583 2.029
511085.132 6962201.118 3.469
511090.801 6962198.566 1.843
511088.536 6962200.958 1.711
511090.290 6962200.010 1.742
511090.631 6962201.822 1.519
511089.326 6962201.570 2.202
511090.094 6962201.881 2.824
511084.108 6962202.263 1.592
511084.627 6962202.663 1.593
511084.697 6962203.615 1.476
511084.856 6962203.637 1.503
511087.013 6962202.684 1.439
511085.811 6962203.934 1.541
511087.406 6962203.969 1.391
511084.034 6962204.867 1.413
511085.100 6962204.316 1.385
511085.097 6962204.825 1.386
511083.588 6962205.875 1.350
511085.222 6962205.044 1.386
511084.660 6962205.969 1.545
511086.379 6962204.297 1.399
511086.651 6962204.177 1.409
511086.702 6962204.662 1.370
511085.759 6962205.241 1.342
511085.889 6962205.911 1.498
511087.056 6962205.039 1.345
511084.341 6962202.394 2.326
511083.993 6962203.018 2.200
511084.985 6962203.616 2.442
511083.945 6962202.492 3.304
511084.912 6962203.001 3.124
511084.915 6962203.019 3.179
511085.855 6962203.423 2.132
511084.790 6962205.271 2.141
511088.105 6962202.547 1.519
511088.314 6962203.201 1.430
511088.253 6962203.815 1.411
511088.861 6962203.683 1.433
511089.810 6962202.584 1.590
511090.039 6962203.463 1.405
511091.081 6962203.470 1.392
511087.712 6962204.413 1.367
511087.793 6962204.889 1.365
511089.182 6962204.351 1.375
511089.238 6962204.983 1.352
511088.206 6962205.703 1.377
511089.338 6962205.446 1.325
511089.806 6962204.119 1.428
511090.173 6962204.724 1.357
511090.978 6962204.510 1.345
511090.071 6962205.271 1.350
511090.394 6962205.911 1.344
511090.920 6962205.982 1.361
511091.374 6962202.030 2.752
511087.097 6962198.043 4.662
511086.671 6962198.362 5.966
511086.412 6962200.127 4.310
511085.450 6962199.855 7.034
511083.676 6962200.013 6.929
511089.179 6962198.373 4.220
511087.782 6962199.068 5.741
511089.644 6962200.741 5.965
511090.360 6962201.322 5.982
511087.711 6962198.024 6.070
511090.952 6962199.434 6.852
511089.311 6962201.375 7.904
511089.999 6962201.025 6.203
511090.585 6962201.492 6.524
511090.222 6962201.014 7.228
511090.653 6962201.088 7.619
511084.372 6962203.694 6.174
511086.656 6962204.854 7.070
511087.039 6962204.708 7.996
511086.140 6962205.502 7.968
511091.402 6962202.008 5.593
511088.432 6962203.217 6.991
511087.934 6962203.478 7.006
511087.620 6962203.990 7.652
511090.966 6962203.418 7.015
511090.804 6962203.873 7.774
511088.606 6962206.002 7.429
511090.263 6962204.381 7.058
511090.208 6962204.608 7.943
511089.631 6962205.575 7.102
511082.199 6962193.640 9.219
511078.784 6962192.848 12.502
511086.607 6962191.572 8.894
511085.750 6962192.087 10.671
511090.673 6962192.038 9.511
511085.785 6962197.615 8.029
511087.226 6962196.998 10.917
511089.214 6962196.556 8.739
511090.226 6962195.772 10.935
511085.581 6962192.360 13.514
511083.901 6962195.100 13.057
511088.949 6962195.187 12.888
511089.892 6962196.487 15.272
511078.754 6962200.394 10.053
511079.925 6962201.880 9.203
511081.517 6962201.716 9.961
511077.079 6962203.247 10.806
511076.464 6962202.250 12.934
511086.707 6962198.211 9.153
511084.658 6962199.630 10.969
511086.264 6962201.679 10.283
511088.692 6962200.947 8.837
511090.310 6962201.334 8.247
511089.625 6962199.521 11.098
511085.471 6962204.931 8.944
511085.950 6962204.998 8.884
511086.870 6962204.914 8.525
511086.467 6962205.453 8.734
511086.895 6962205.468 8.886
511085.754 6962204.534 9.004
511088.784 6962202.699 8.689
511088.473 6962203.345 8.786
511088.492 6962203.993 8.842
511090.773 6962202.079 8.765
511091.181 6962203.402 8.087
511087.511 6962204.353 8.804
511088.793 6962204.097 8.853
511087.575 6962205.358 8.900
511088.383 6962205.771 8.935
511088.697 6962205.886 8.905
511089.867 6962204.629 8.743
511090.805 6962204.787 8.887
511089.616 6962205.702 8.897
511090.701 6962205.739 8.937
511086.264 6962198.922 13.501
511089.172 6962178.971 18.484
511091.404 6962188.078 16.315
511065.401 6962200.782 16.071
511073.546 6962200.900 18.941
511067.547 6962201.497 20.308
511077.499 6962194.440 18.873
511077.395 6962191.430 24.253
511095.040 6962170.788 6.408
511101.111 6962170.814 6.559
511101.837 6962169.638 8.163
511109.847 6962163.986 5.992
511111.779 6962164.070 6.325
511122.852 6962160.071 3.964
511118.112 6962165.307 2.047
511119.672 6962162.950 2.513
511117.199 6962158.374 4.363
511122.563 6962158.461 4.670
511119.314 6962165.939 7.427
511121.593 6962163.044 7.038
511110.546 6962167.789 3.664
511114.084 6962166.785 2.537
511114.627 6962169.003 3.560
511110.290 6962173.612 2.315
511115.305 6962171.939 1.120
511111.823 6962171.324 3.765
511110.041 6962167.985 4.419
511111.617 6962167.221 5.890
511109.532 6962171.675 4.145
511114.230 6962171.600 5.487
511114.608 6962173.713 4.770
511115.379 6962170.396 7.177
511117.342 6962166.599 1.476
511116.275 6962169.788 1.141
511118.454 6962169.598 1.072
511117.453 6962168.018 3.029
511118.396 6962168.782 2.004
511120.091 6962169.359 1.074
511122.662 6962169.730 1.078
511116.816 6962171.191 1.189
511118.778 6962170.204 1.078
511117.739 6962171.375 1.143
511119.165 6962171.088 1.079
511116.007 6962172.036 1.155
511116.878 6962173.932 1.239
511118.434 6962172.808 1.114
511119.197 6962172.553 1.113
511118.618 6962173.308 1.081
511116.394 6962173.531 2.629
511116.714 6962173.802 3.627
511120.446 6962170.833 1.073
511123.174 6962170.378 1.053
511119.801 6962172.652 1.164
511119.600 6962173.253 1.124
511120.665 6962173.056 1.096
511121.616 6962172.574 1.102
511123.042 6962173.419 1.063
511117.235 6962168.506 5.897
511117.451 6962167.936 6.740
511117.908 6962167.821 7.522
511117.413 6962168.514 7.554
511119.202 6962169.605 7.464
511119.781 6962168.833 5.799
511122.139 6962169.823 5.833
511122.909 6962166.404 7.548
511120.229 6962168.372 7.387
511120.123 6962169.464 7.637
511123.037 6962168.907 6.222
511115.882 6962170.102 5.907
511117.512 6962171.155 5.875
511116.742 6962173.820 4.433
511116.267 6962173.416 5.933
511118.490 6962173.584 5.962
511119.007 6962170.125 6.036
511119.192 6962170.359 7.662
511118.078 6962171.549 7.686
511117.296 6962172.140 6.108
511117.099 6962172.318 7.675
511117.822 6962172.169 7.717
511118.729 6962172.734 7.752
511121.292 6962170.850 5.868
511121.080 6962171.217 5.877
511119.470 6962172.511 5.928
511123.066 6962172.218 5.938
511121.339 6962170.772 6.980
511120.298 6962170.927 7.685
511121.306 6962171.534 7.704
511123.115 6962170.559 7.692
511123.216 6962171.164 7.722
511121.393 6962172.041 7.729
511120.217 6962173.753 7.793
511123.262 6962172.421 6.306
511122.789 6962173.090 6.006
511122.505 6962172.811 7.169
511113.041 6962164.876 8.316
511134.554 6962143.228 3.631
511138.897 6962144.394 3.806
511138.349 6962143.583 4.948
511129.723 6962150.290 3.508
511127.663 6962155.042 2.599
511125.680 6962157.291 5.427
511132.950 6962154.800 1.890
511139.484 6962143.598 1.301
511140.946 6962146.268 1.619
511140.549 6962147.457 3.600
511139.909 6962143.340 6.672
511141.423 6962148.384 4.663
511146.012 6962149.035 5.149
511149.194 6962143.999 6.499
511146.821 6962151.363 1.642
511144.266 6962150.809 4.175
511140.045 6962154.947 5.427
511150.134 6962155.515 3.458
511151.687 6962155.639 2.242
511153.417 6962157.263 3.003
511150.038 6962153.895 4.852
511149.556 6962155.413 6.294
511124.213 6962159.925 0.577
511124.052 6962162.233 0.685
511128.338 6962159.112 5.628
511125.731 6962165.902 5.803
511128.582 6962162.536 5.770
511132.134 6962158.297 5.728
511134.316 6962165.012 5.774
511139.254 6962164.160 6.493
511123.682 6962173.246 1.073
511129.322 6962173.860 1.067
511125.864 6962169.451 5.879
511123.664 6962168.340 6.005
511126.464 6962168.530 6.279
511128.249 6962168.953 5.866
511130.112 6962167.820 6.431
511130.583 6962169.294 6.747
511127.299 6962170.764 5.931
511125.015 6962170.456 6.053
511124.095 6962170.620 7.678
511126.792 6962171.681 6.143
511125.215 6962172.327 6.602
511124.532 6962173.648 6.032
511125.037 6962173.879 7.344
511127.401 6962173.180 6.043
511125.811 6962173.085 7.700
511127.854 6962172.874 5.989
511130.636 6962173.260 5.894
511127.787 6962170.688 7.584
511129.752 6962171.711 7.432
511127.588 6962173.411 6.006
511129.092 6962172.449 7.189
511128.606 6962173.336 7.710
511130.073 6962172.039 7.661
511132.243 6962168.435 5.821
511132.301 6962169.612 7.573
511139.249 6962169.936 6.719
511132.580 6962173.878 5.836
511134.712 6962170.484 7.459
511131.606 6962174.006 7.587
511137.858 6962171.276 5.710
511137.039 6962172.549 6.906
511146.845 6962160.685 5.259
511148.878 6962158.600 6.380
511140.770 6962167.844 5.659
511139.811 6962172.718 5.547
511151.079 6962169.479 3.029
511093.831 6962179.123 3.376
511096.714 6962177.346 6.379
511097.199 6962181.333 4.643
511107.370 6962175.583 2.622
511104.875 6962181.543 0.700
511104.489 6962180.334 3.880
511104.219 6962181.201 4.351
511094.816 6962183.070 3.429
511097.702 6962183.437 2.048
511093.334 6962187.580 2.569
511093.331 6962189.509 2.261
511096.326 6962187.682 1.956
511096.512 6962188.126 1.872
511098.895 6962188.975 1.397
511099.394 6962187.962 3.559
511098.452 6962188.395 3.603
511095.302 6962185.733 4.170
511097.974 6962182.040 5.300
511097.790 6962182.046 7.171
511093.031 6962188.022 5.251
511095.322 6962188.243 5.524
511095.138 6962189.006 6.032
511096.357 6962187.976 5.644
511096.341 6962188.349 6.036
511100.321 6962184.326 0.840
511102.121 6962183.833 3.518
511102.024 6962185.446 3.061
511104.319 6962183.340 2.071
511101.701 6962187.069 0.602
511101.949 6962188.110 0.981
511102.189 6962186.915 2.976
511099.766 6962188.980 3.459
511100.791 6962185.385 4.079
511105.056 6962182.803 7.046
511105.891 6962185.911 6.661
511102.321 6962186.409 6.426
511099.963 6962189.091 6.516
511102.327 6962189.880 6.578
511105.466 6962186.377 6.741
511107.406 6962187.823 6.570
511106.512 6962188.904 6.660
511098.042 6962177.316 9.078
511092.097 6962186.493 8.082
511093.176 6962184.443 13.149
511099.806 6962187.640 8.188
511101.791 6962188.489 8.337
511104.625 6962188.323 8.345
511109.820 6962176.214 1.020
511115.209 6962177.808 1.059
511107.575 6962180.964 3.451
511114.744 6962174.974 6.839
511111.235 6962179.329 6.538
511114.480 6962179.159 6.175
511117.229 6962174.228 1.339
511117.521 6962174.490 1.721
511117.826 6962175.131 1.641
511118.499 6962177.580 1.176
511115.541 6962174.311 3.087
511117.636 6962174.732 2.075
511117.529 6962174.513 3.844
511120.547 6962174.094 1.058
511121.885 6962174.235 1.097
511120.801 6962177.645 1.165
511120.909 6962178.257 1.213
511121.488 6962179.046 1.192
511123.333 6962180.642 1.098
511123.211 6962179.424 2.532
511123.210 6962179.413 3.841
511116.838 6962175.413 4.180
511117.627 6962174.730 4.279
511118.621 6962175.691 4.375
511118.336 6962174.415 5.981
511117.791 6962176.070 4.434
511119.414 6962177.740 5.882
511118.358 6962175.399 6.511
511119.092 6962175.594 7.388
511118.328 6962177.544 7.077
511119.910 6962176.333 5.287
511121.883 6962177.972 5.177
511120.043 6962175.444 6.048
511120.235 6962174.376 7.818
511119.807 6962175.738 7.297
511122.126 6962175.972 6.688
511122.397 6962175.557 7.188
511121.326 6962176.782 7.428
511121.614 6962177.207 6.152
511122.268 6962177.611 7.897
511121.125 6962178.798 4.865
511122.853 6962178.795 4.936
511122.805 6962178.740 5.177
511122.243 6962180.087 5.935
511122.865 6962178.815 6.191
511123.192 6962180.877 7.220
511109.197 6962185.243 6.416
511114.552 6962182.842 6.692
511114.576 6962185.260 6.446
511111.424 6962186.738 6.555
511108.435 6962189.731 7.201
511113.080 6962187.191 6.516
511112.806 6962188.274 6.558
511113.588 6962189.709 6.636
511122.468 6962184.512 1.047
511119.399 6962183.967 7.651
511119.858 6962183.301 6.863
511116.350 6962186.359 6.559
511118.563 6962187.343 7.370
511118.593 6962188.635 7.126
511120.189 6962188.879 6.353
511123.035 6962189.180 6.784
511113.014 6962184.683 8.110
511111.616 6962188.306 8.257
511123.363 6962187.162 8.040
511093.255 6962191.288 1.990
511094.190 6962191.416 1.891
511094.488 6962191.742 1.834
511091.950 6962192.794 1.825
511092.864 6962192.588 1.866
511092.474 6962193.102 1.947
511092.794 6962193.432 1.813
511093.909 6962192.030 1.949
511094.834 6962192.381 1.800
511095.184 6962192.663 1.874
511094.879 6962193.477 1.804
511094.838 6962193.976 1.755
511092.906 6962190.291 2.193
511092.563 6962191.762 2.001
511093.355 6962191.992 3.508
511094.163 6962191.147 2.240
511093.660 6962190.495 3.859
511094.816 6962191.273 3.776
511091.556 6962193.162 2.283
511093.996 6962192.447 2.131
511096.154 6962190.289 1.893
511095.953 6962191.859 1.917
511099.169 6962190.827 1.114
511096.322 6962192.070 1.903
511096.577 6962192.344 1.852
511095.926 6962193.315 1.844
511095.997 6962193.582 1.824
511097.435 6962193.456 1.926
511098.957 6962192.273 1.147
511099.054 6962193.817 1.417
511098.355 6962190.092 3.452
511091.732 6962194.763 1.895
511093.348 6962194.318 1.822
511091.803 6962195.779 1.987
511093.094 6962195.954 1.774
511094.476 6962194.447 1.781
511094.080 6962194.737 1.847
511095.124 6962194.162 1.743
511094.961 6962195.007 1.742
511093.880 6962195.384 1.964
511093.490 6962195.809 1.790
511094.569 6962195.018 1.780
511094.990 6962195.514 1.727
511092.656 6962196.781 1.867
511093.014 6962197.309 1.719
511094.195 6962196.167 1.721
511094.454 6962196.826 1.708
511094.915 6962196.630 1.719
511093.949 6962197.489 1.696
511094.875 6962197.015 1.704
511094.591 6962197.948 1.686
511092.786 6962194.189 2.303
511092.891 6962194.010 3.509
511093.395 6962196.205 2.058
511096.116 6962194.145 1.800
511096.023 6962194.895 1.747
511097.330 6962194.190 1.907
511097.431 6962194.665 1.867
511095.979 6962195.536 1.742
511097.016 6962195.088 1.803
511097.212 6962195.595 1.761
511098.209 6962194.311 1.824
511099.005 6962194.077 1.605
511098.231 6962195.070 1.872
511098.198 6962195.591 1.826
511099.265 6962195.414 1.779
511095.670 6962196.319 1.725
511096.298 6962196.724 1.715
511097.455 6962196.262 1.747
511097.394 6962196.841 1.727
511096.232 6962197.328 1.705
511096.336 6962197.875 1.699
511096.818 6962197.514 1.709
511097.964 6962196.227 1.837
511097.866 6962196.614 1.745
511098.648 6962196.274 1.812
511098.521 6962196.579 1.819
511099.189 6962196.927 1.803
511097.849 6962197.564 1.718
511098.891 6962197.334 1.731
511098.482 6962197.767 1.732
511091.914 6962191.387 4.095
511091.844 6962191.261 5.406
511093.643 6962191.617 4.153
511095.369 6962191.904 4.199
511094.187 6962191.901 5.312
511093.239 6962192.255 4.043
511092.623 6962192.681 4.865
511093.533 6962192.462 4.492
511094.711 6962192.359 4.010
511094.298 6962192.355 5.660
511093.396 6962191.142 6.383
511093.570 6962191.220 6.719
511095.443 6962193.809 6.736
511099.303 6962190.063 6.559
511097.738 6962191.985 6.779
511098.232 6962191.045 7.897
511096.636 6962192.869 6.640
511095.669 6962193.743 6.674
511096.502 6962193.419 6.654
511096.621 6962192.993 7.931
511096.148 6962193.568 7.843
511099.126 6962193.783 6.704
511094.931 6962194.489 6.696
511095.407 6962194.585 6.696
511094.253 6962195.691 6.733
511095.211 6962195.033 6.882
511095.297 6962194.597 7.579
511094.999 6962195.172 7.080
511092.909 6962197.109 6.779
511093.387 6962197.074 7.186
511094.016 6962196.072 6.745
511093.846 6962196.359 7.350
511095.508 6962194.353 6.688
511097.394 6962195.697 6.768
511097.415 6962195.826 7.817
511098.661 6962194.042 6.719
511097.754 6962195.313 6.757
511098.162 6962194.613 7.320
511097.952 6962195.185 7.307
511096.368 6962196.722 6.799
511097.394 6962196.072 6.776
511095.969 6962197.050 6.813
511095.920 6962197.515 6.824
511097.132 6962196.493 7.040
511096.400 6962197.379 7.028
511097.525 6962196.014 6.897
511099.117 6962197.269 6.838
511099.067 6962197.893 6.880
511099.470 6962197.093 7.801
511100.719 6962190.489 1.938
511099.656 6962194.152 1.259
511100.107 6962195.861 1.705
511099.967 6962196.218 1.821
511099.918 6962196.775 1.902
511100.644 6962196.647 1.860
511099.735 6962197.237 1.855
511100.412 6962197.432 1.803
511100.890 6962197.057 1.857
511100.617 6962197.982 1.740
511101.388 6962197.765 1.822
511102.601 6962196.498 1.726
511102.417 6962197.182 1.845
511102.268 6962197.675 1.809
511102.513 6962197.701 1.855
511104.539 6962195.696 1.261
511105.089 6962196.881 1.809
511103.753 6962197.967 1.928
511104.701 6962197.661 1.864
511107.084 6962196.283 1.484
511105.548 6962197.807 1.812
511107.405 6962197.169 1.796
511101.264 6962190.886 6.615
511101.219 6962191.242 7.532
511102.042 6962190.240 7.502
511099.851 6962193.210 6.726
511099.640 6962193.151 7.334
511102.139 6962193.795 6.724
511102.452 6962193.493 7.446
511104.546 6962190.642 6.619
511104.721 6962190.746 7.662
511107.461 6962190.907 7.257
511105.417 6962193.777 7.207
511106.175 6962193.086 6.767
511105.597 6962193.484 7.813
511100.293 6962195.989 6.797
511100.802 6962194.849 7.018
511100.780 6962195.540 7.308
511101.852 6962194.530 6.893
511099.796 6962196.069 6.834
511099.541 6962196.970 6.825
511099.578 6962196.641 7.430
511101.414 6962197.890 7.010
511102.932 6962196.934 6.830
511101.760 6962197.809 6.869
511103.332 6962196.219 7.487
511102.086 6962197.397 7.468
511102.865 6962197.095 7.040
511104.585 6962194.807 6.773
511104.342 6962195.000 7.477
511103.602 6962195.979 7.273
511107.416 6962194.769 6.797
511106.639 6962195.722 6.828
511106.956 6962195.524 7.151
511105.163 6962196.918 6.870
511105.017 6962197.473 6.890
511105.024 6962196.626 7.386
511105.368 6962197.458 7.337
511105.997 6962196.081 6.839
511107.125 6962197.733 6.885
511105.810 6962196.959 7.620
511107.140 6962197.422 7.587
511093.020 6962198.516 1.675
511093.505 6962198.493 1.667
511094.925 6962198.385 1.666
511093.586 6962199.411 1.599
511094.865 6962199.666 1.580
511093.412 6962200.159 1.544
511093.177 6962201.931 1.616
511094.756 6962200.930 1.502
511091.888 6962200.934 2.086
511093.247 6962201.982 2.740
511092.778 6962201.709 3.905
511096.453 6962198.379 1.690
511096.746 6962198.211 1.699
511096.593 6962198.799 1.729
511096.089 6962199.097 1.671
511096.617 6962199.272 1.657
511097.464 6962199.724 1.685
511097.655 6962198.614 1.711
511098.333 6962199.005 1.726
511099.054 6962198.494 1.757
511097.686 6962199.203 1.705
511097.677 6962199.759 1.694
511098.907 6962199.416 1.735
511099.244 6962199.519 1.741
511096.033 6962200.915 1.567
511095.565 6962201.059 1.552
511096.716 6962201.821 1.580
511097.576 6962201.005 1.661
511099.403 6962200.301 1.740
511098.138 6962201.338 1.681
511098.773 6962201.533 1.699
511092.201 6962202.667 1.750
511092.265 6962203.949 1.396
511093.223 6962203.514 1.981
511094.746 6962202.313 1.543
511094.232 6962203.747 1.598
511092.230 6962204.260 1.382
511093.172 6962204.506 1.384
511092.081 6962205.656 1.381
511093.377 6962205.714 1.385
511095.267 6962204.278 1.474
511094.389 6962205.592 1.404
511092.035 6962202.327 2.193
511093.373 6962202.085 2.397
511092.792 6962203.117 2.516
511092.184 6962202.636 3.255
511092.484 6962202.905 3.627
511092.936 6962203.278 3.899
511093.798 6962202.434 2.707
511094.322 6962203.644 2.140
511094.155 6962203.831 2.781
511093.992 6962202.588 3.770
511094.395 6962203.252 3.629
511096.367 6962202.081 1.552
511096.368 6962203.063 1.540
511098.472 6962202.103 1.681
511099.053 6962202.853 1.671
511099.421 6962203.517 1.650
511097.403 6962204.411 1.531
511097.116 6962205.256 1.492
511098.993 6962204.185 1.591
511099.245 6962205.375 1.559
511092.503 6962201.635 4.689
511092.036 6962201.216 5.324
511092.484 6962201.423 5.558
511092.718 6962198.027 6.810
511094.998 6962198.129 6.867
511094.082 6962199.347 6.885
511095.442 6962198.216 7.678
511091.664 6962200.564 6.112
511092.665 6962201.373 6.071
511093.390 6962201.976 6.784
511092.960 6962201.452 7.353
511093.800 6962200.285 7.380
511096.596 6962199.972 6.926
511097.347 6962199.337 7.806
511097.883 6962198.713 6.884
511098.486 6962198.560 6.874
511098.414 6962198.047 7.633
511097.568 6962199.386 7.471
511097.019 6962200.009 6.916
511096.673 6962200.153 7.491
511099.211 6962200.750 6.968
511099.329 6962200.411 7.091
511099.075 6962201.668 7.089
511091.898 6962202.040 4.652
511092.945 6962203.287 4.044
511093.262 6962203.538 4.725
511091.768 6962202.467 5.979
511093.065 6962203.380 5.062
511093.514 6962202.225 4.006
511094.155 6962202.769 4.897
511094.285 6962203.033 4.967
511094.119 6962202.697 5.138
511093.509 6962203.664 5.091
511094.594 6962203.550 5.135
511094.227 6962204.152 5.453
511094.989 6962204.259 5.380
511095.199 6962205.145 5.800
511091.614 6962202.547 6.979
511093.061 6962203.508 6.385
511092.338 6962202.044 7.535
511093.229 6962203.509 7.045
511094.082 6962202.532 6.140
511093.507 6962203.879 6.011
511095.281 6962203.508 6.878
511095.215 6962202.393 7.979
511093.240 6962204.021 7.151
511092.347 6962205.131 7.183
511092.925 6962205.167 7.095
511093.997 6962204.277 6.154
511094.557 6962204.722 6.671
511093.639 6962204.249 7.056
511094.764 6962204.397 7.682
511094.903 6962205.016 7.674
511095.810 6962204.704 5.689
511095.704 6962205.622 5.928
511097.430 6962205.663 5.883
511095.685 6962203.931 7.545
511097.694 6962202.386 7.260
511098.778 6962202.024 7.025
511095.992 6962204.083 6.549
511095.741 6962205.691 6.172
511097.393 6962205.222 6.533
511097.063 6962204.898 7.949
511097.432 6962205.200 7.698
511098.345 6962205.994 6.995
511097.802 6962205.507 7.155
511100.300 6962198.219 1.723
511100.578 6962198.215 1.724
511100.607 6962198.705 1.725
511099.952 6962199.035 1.729
511099.588 6962199.556 1.759
511100.753 6962199.368 1.744
511100.819 6962199.840 1.738
511101.616 6962198.378 1.784
511101.539 6962198.798 1.740
511102.707 6962198.395 1.775
511102.523 6962198.639 1.759
511101.724 6962199.134 1.731
511101.903 6962199.886 1.734
511103.452 6962199.201 1.737
511103.070 6962199.741 1.751
511099.525 6962200.662 1.729
511100.823 6962200.335 1.741
511101.032 6962200.546 1.741
511100.473 6962201.325 1.730
511101.197 6962201.245 1.742
511101.878 6962200.020 1.741
511101.552 6962200.813 1.753
511102.771 6962200.301 1.751
511102.545 6962200.514 1.754
511101.761 6962201.049 1.752
511102.246 6962201.719 1.748
511103.081 6962201.420 1.737
511103.558 6962198.078 1.881
511104.129 6962198.261 1.878
511104.156 6962198.795 1.737
511105.037 6962198.090 1.907
511105.053 6962198.631 1.740
511103.734 6962199.434 1.740
511104.446 6962199.711 1.735
511105.448 6962199.494 1.710
511105.716 6962198.261 1.843
511105.738 6962198.795 1.725
511106.018 6962198.754 1.779
511107.270 6962198.490 1.661
511107.385 6962198.658 1.636
511106.379 6962199.050 1.644
511105.956 6962199.993 1.689
511107.197 6962199.342 1.614
511103.767 6962200.321 1.739
511104.079 6962200.622 1.738
511105.302 6962200.358 1.719
511105.411 6962200.977 1.715
511103.701 6962201.510 1.723
511104.883 6962201.194 1.716
511104.635 6962201.832 1.721
511105.656 6962200.441 1.704
511105.938 6962200.614 1.709
511106.586 6962200.247 1.647
511106.931 6962200.926 1.605
511105.983 6962201.025 1.703
511106.133 6962201.731 1.678
511107.450 6962201.064 1.588
511107.159 6962201.917 1.619
511100.823 6962202.075 1.726
511100.075 6962203.295 1.667
511101.855 6962202.088 1.745
511102.956 6962202.087 1.727
511101.834 6962203.031 1.715
511102.727 6962203.651 1.679
511100.647 6962204.647 1.621
511101.717 6962204.020 1.663
511101.804 6962205.176 1.634
511103.850 6962202.462 1.705
511104.545 6962202.317 1.706
511103.664 6962203.225 1.681
511105.007 6962203.330 1.680
511106.368 6962202.279 1.660
511107.446 6962202.073 1.595
511106.392 6962203.137 1.636
511107.260 6962203.590 1.578
511105.281 6962204.545 1.612
511106.394 6962204.145 1.608
511105.994 6962205.749 1.531
511100.719 6962199.003 6.913
511100.312 6962199.514 6.928
511100.669 6962199.739 6.954
511101.432 6962198.514 7.863
511101.251 6962199.038 7.030
511101.732 6962198.453 6.991
511102.611 6962199.699 6.963
511101.527 6962198.392 7.445
511103.114 6962198.842 7.955
511102.987 6962199.097 7.445
511103.369 6962199.922 7.819
511099.494 6962200.495 7.473
511101.190 6962201.355 7.088
511101.328 6962201.965 7.043
511101.982 6962200.675 7.000
511102.048 6962200.279 7.238
511101.910 6962200.378 7.592
511102.499 6962200.794 7.006
511101.940 6962201.386 7.027
511101.751 6962201.885 7.933
511103.734 6962198.532 6.926
511103.672 6962199.161 6.948
511104.195 6962198.852 7.169
511104.623 6962198.365 7.432
511103.994 6962199.140 7.587
511105.056 6962199.914 7.864
511107.134 6962198.188 6.893
511106.981 6962198.826 6.948
511105.966 6962199.555 6.941
511105.870 6962198.991 7.457
511107.061 6962198.764 7.161
511106.395 6962199.556 7.095
511106.578 6962199.377 7.368
511105.319 6962200.404 6.971
511104.700 6962201.241 6.996
511104.720 6962200.407 7.338
511105.372 6962200.888 7.782
511103.522 6962201.962 7.033
511104.135 6962201.048 7.755
511105.551 6962200.017 6.956
