511354.724 6964890.061 2.182
511358.303 6964893.862 2.176
511359.240 6964896.434 1.712
511358.880 6964898.718 1.393
511359.185 6964896.369 2.606
511357.687 6964898.636 2.607
511358.583 6964898.568 2.690
511355.306 6964901.326 2.388
511355.319 6964902.613 2.716
511357.066 6964900.992 1.781
511359.971 6964900.320 1.841
511359.640 6964901.432 1.871
511356.386 6964902.620 1.889
511358.950 6964902.025 1.746
511359.098 6964902.749 1.749
511358.612 6964903.752 1.674
511359.988 6964903.654 1.751
511358.293 6964900.021 2.283
511355.866 6964904.471 1.187
511355.881 6964907.135 1.699
511355.298 6964905.678 3.016
511355.420 6964907.315 3.851
511358.669 6964904.310 1.660
511358.715 6964905.455 1.586
511356.974 6964907.457 1.253
511359.090 6964907.233 1.399
511356.696 6964906.786 2.612
511354.988 6964908.352 1.314
511355.005 6964908.363 2.025
511353.158 6964911.867 2.923
511354.419 6964911.380 3.385
511359.351 6964908.037 1.304
511356.240 6964911.338 1.059
511358.466 6964911.861 1.700
511356.264 6964909.526 3.451
511359.869 6964910.623 2.736
511355.538 6964907.309 4.142
511356.352 6964907.379 4.433
511353.112 6964911.625 5.484
511359.791 6964909.793 5.494
511359.401 6964910.255 4.761
511359.080 6964910.615 5.210
511343.450 6964918.163 4.553
511343.751 6964920.561 5.110
511351.114 6964913.379 3.683
511350.168 6964918.808 1.229
511350.860 6964918.172 3.080
511352.397 6964913.935 1.125
511354.087 6964915.694 1.127
511355.483 6964912.967 2.321
511352.470 6964914.797 3.874
511358.632 6964912.757 1.039
511352.951 6964917.290 1.070
511352.207 6964917.349 2.133
511353.597 6964912.724 4.324
511355.825 6964914.047 5.615
511357.426 6964912.518 5.239
511356.315 6964914.119 4.474
511357.881 6964913.513 6.118
511353.511 6964917.351 4.496
511357.562 6964916.343 4.580
511356.768 6964917.552 6.267
511345.708 6964921.954 2.796
511348.788 6964922.548 1.120
511345.945 6964926.331 2.521
511350.808 6964923.874 6.361
511354.465 6964923.620 1.094
511355.496 6964922.397 4.745
511357.326 6964921.975 6.460
511356.870 6964927.561 4.834
511282.923 6964974.614 3.622
511294.835 6964971.085 3.203
511290.730 6964974.980 3.612
511292.403 6964975.548 2.580
511290.828 6964968.039 7.404
511294.536 6964973.924 5.663
511294.879 6964961.387 9.706
511280.389 6964975.436 15.837
511289.113 6964975.394 9.630
511295.892 6964975.034 8.913
511288.377 6964972.809 12.658
511295.028 6964975.773 12.928
511278.562 6964984.404 7.073
511271.067 6964991.920 9.296
511277.342 6964985.873 11.125
511272.721 6964988.907 13.576
511287.669 6964978.364 2.211
511287.441 6964983.723 2.092
511287.543 6964980.197 5.844
511286.514 6964983.899 7.395
511289.707 6964978.782 2.127
511295.776 6964977.060 1.842
511295.537 6964979.341 1.833
511295.197 6964977.048 2.404
511295.267 6964978.949 2.299
511295.080 6964979.487 3.785
511290.660 6964980.159 3.575
511290.669 6964983.679 2.014
511295.444 6964980.092 1.852
511295.771 6964983.383 1.958
511294.456 6964980.957 2.088
511292.424 6964983.423 2.134
511288.085 6964978.803 5.794
511291.865 6964979.146 6.089
511294.552 6964977.745 4.563
511292.103 6964978.342 5.086
511295.094 6964978.720 4.111
511292.438 6964977.300 6.498
511291.065 6964980.457 4.706
511289.353 6964983.486 5.158
511290.978 6964983.517 5.281
511288.201 6964982.274 7.155
511290.241 6964983.316 7.853
511292.421 6964981.100 5.629
511293.471 6964982.828 4.289
511293.099 6964983.961 5.963
511293.535 6964981.507 6.520
511292.850 6964983.067 7.199
511284.952 6964985.097 1.697
511286.060 6964986.466 1.654
511286.953 6964987.670 1.527
511287.461 6964985.613 2.442
511285.630 6964987.671 3.620
511286.969 6964986.548 3.753
511287.677 6964987.780 3.803
511284.967 6964988.826 1.484
511285.869 6964989.091 1.462
511286.927 6964988.280 1.511
511287.832 6964988.766 1.478
511286.099 6964989.739 1.457
511287.729 6964989.033 1.473
511284.173 6964991.051 1.671
511287.157 6964990.259 1.407
511286.959 6964991.611 1.360
511287.343 6964991.062 1.941
511286.330 6964988.129 2.907
511286.301 6964989.687 3.155
511286.766 6964990.237 2.143
511287.486 6964990.365 2.907
511287.684 6964991.669 2.728
511286.974 6964990.805 3.790
511287.553 6964990.803 3.539
511283.457 6964986.120 5.230
511287.064 6964985.679 4.883
511285.417 6964986.515 5.945
511286.470 6964987.596 4.685
511287.481 6964987.883 5.327
511287.589 6964985.596 6.304
511286.578 6964986.058 6.518
511286.697 6964987.386 7.818
511282.409 6964991.373 4.691
511287.063 6964988.546 5.374
511291.498 6964985.385 1.664
511289.347 6964987.167 1.582
511291.921 6964986.587 1.574
511289.929 6964984.116 2.862
511290.550 6964984.233 2.980
511291.753 6964984.705 3.614
511288.904 6964987.578 2.029
511289.648 6964987.113 3.469
511295.319 6964984.560 1.843
511293.053 6964986.953 1.711
511294.808 6964986.004 1.742
511295.149 6964987.817 1.519
511293.844 6964987.565 2.202
511294.612 6964987.876 2.824
511288.624 6964988.258 1.592
511289.143 6964988.658 1.593
511289.213 6964989.611 1.476
511289.372 6964989.633 1.503
511291.530 6964988.679 1.439
511290.327 6964989.930 1.541
511291.923 6964989.965 1.391
511288.549 6964990.863 1.413
511289.616 6964990.312 1.385
511289.613 6964990.821 1.386
511288.103 6964991.872 1.350
511289.738 6964991.040 1.386
511289.176 6964991.966 1.545
511290.895 6964990.293 1.399
511291.168 6964990.173 1.409
511291.219 6964990.658 1.370
511290.275 6964991.237 1.342
511290.405 6964991.908 1.498
511291.573 6964991.035 1.345
511288.857 6964988.389 2.326
511288.508 6964989.013 2.200
511289.501 6964989.612 2.442
511288.460 6964988.487 3.304
511289.428 6964988.996 3.124
511289.431 6964989.014 3.179
511290.371 6964989.419 2.132
511289.306 6964991.267 2.141
511292.622 6964988.542 1.519
511292.831 6964989.197 1.430
511292.770 6964989.811 1.411
511293.378 6964989.679 1.433
511294.328 6964988.579 1.590
511294.557 6964989.459 1.405
511295.599 6964989.466 1.392
511292.229 6964990.409 1.367
511292.310 6964990.885 1.365
511293.700 6964990.347 1.375
511293.756 6964990.979 1.352
511292.723 6964991.700 1.377
511293.856 6964991.442 1.325
511294.324 6964990.115 1.428
511294.691 6964990.720 1.357
511295.496 6964990.506 1.345
511294.589 6964991.267 1.350
511294.912 6964991.908 1.344
511295.438 6964991.979 1.361
511295.892 6964988.025 2.752
511291.614 6964984.036 4.662
511291.188 6964984.356 5.966
511290.928 6964986.121 4.310
511289.966 6964985.849 7.034
511288.191 6964986.007 6.929
511293.697 6964984.367 4.220
511292.299 6964985.062 5.741
511294.162 6964986.736 5.965
511294.878 6964987.317 5.982
511292.228 6964984.017 6.070
511295.470 6964985.428 6.852
511293.829 6964987.370 7.904
511294.517 6964987.020 6.203
511295.103 6964987.487 6.524
511294.740 6964987.009 7.228
511295.171 6964987.083 7.619
511288.888 6964989.690 6.174
511291.173 6964990.850 7.070
511291.556 6964990.704 7.996
511290.656 6964991.498 7.968
511295.920 6964988.003 5.593
511292.949 6964989.213 6.991
511292.451 6964989.474 7.006
511292.137 6964989.986 7.652
511295.484 6964989.414 7.015
511295.322 6964989.869 7.774
511293.123 6964991.999 7.429
511294.781 6964990.377 7.058
511294.726 6964990.604 7.943
511294.149 6964991.571 7.102
511286.714 6964979.632 9.219
511283.297 6964978.839 12.502
511291.124 6964977.563 8.894
511290.266 6964978.078 10.671
511295.191 6964978.029 9.511
511290.301 6964983.608 8.029
511291.743 6964982.991 10.917
511293.732 6964982.549 8.739
511294.744 6964981.765 10.935
511290.097 6964978.351 13.514
511288.416 6964981.092 13.057
511293.466 6964981.179 12.888
511294.410 6964982.480 15.272
511283.267 6964986.388 10.053
511284.439 6964987.875 9.203
511286.031 6964987.711 9.961
511281.592 6964989.243 10.806
511280.976 6964988.245 12.934
511291.224 6964984.205 9.153
511289.174 6964985.624 10.969
511290.780 6964987.674 10.283
511293.209 6964986.942 8.837
511294.828 6964987.329 8.247
511294.143 6964985.515 11.098
511289.987 6964990.927 8.944
511290.466 6964990.994 8.884
511291.387 6964990.910 8.525
511290.983 6964991.449 8.734
511291.412 6964991.464 8.886
511290.270 6964990.530 9.004
511293.301 6964988.694 8.689
511292.990 6964989.341 8.786
511293.009 6964989.989 8.842
511295.291 6964988.074 8.765
511295.699 6964989.398 8.087
511292.028 6964990.349 8.804
511293.310 6964990.093 8.853
511292.092 6964991.354 8.900
511292.900 6964991.768 8.935
511293.214 6964991.883 8.905
511294.385 6964990.625 8.743
511295.323 6964990.783 8.887
511294.134 6964991.699 8.897
511295.219 6964991.736 8.937
511290.780 6964984.916 13.501
511293.690 6964964.957 18.484
511295.922 6964974.067 16.315
511269.909 6964986.777 16.071
511278.057 6964986.895 18.941
511272.056 6964987.492 20.308
511282.012 6964980.432 18.873
511281.908 6964977.421 24.253
511299.560 6964956.771 6.408
511305.633 6964956.797 6.559
511306.360 6964955.620 8.163
511314.373 6964949.966 5.992
511316.306 6964950.050 6.325
511327.383 6964946.049 3.964
511322.641 6964951.287 2.047
511324.202 6964948.929 2.513
511321.728 6964944.352 4.363
511327.094 6964944.439 4.670
511323.844 6964951.920 7.427
511326.123 6964949.023 7.038
511315.072 6964953.770 3.664
511318.611 6964952.766 2.537
511319.155 6964954.985 3.560
511314.816 6964959.596 2.315
511319.833 6964957.922 1.120
511316.350 6964957.307 3.765
511314.567 6964953.966 4.419
511316.144 6964953.202 5.890
511314.058 6964957.658 4.145
511318.758 6964957.583 5.487
511319.136 6964959.697 4.770
511319.907 6964956.378 7.177
511321.871 6964952.580 1.476
511320.803 6964955.770 1.141
511322.983 6964955.580 1.072
511321.982 6964953.999 3.029
511322.925 6964954.764 2.004
511324.621 6964955.341 1.074
511327.193 6964955.712 1.078
511321.345 6964957.174 1.189
511323.307 6964956.186 1.078
511322.268 6964957.358 1.143
511323.695 6964957.071 1.079
511320.535 6964958.019 1.155
511321.407 6964959.916 1.239
511322.963 6964958.791 1.114
511323.727 6964958.536 1.113
511323.147 6964959.292 1.081
511320.922 6964959.515 2.629
511321.243 6964959.786 3.627
511324.976 6964956.816 1.073
511327.705 6964956.360 1.053
511324.331 6964958.635 1.164
511324.130 6964959.237 1.124
511325.195 6964959.039 1.096
511326.147 6964958.557 1.102
511327.573 6964959.403 1.063
511321.764 6964954.488 5.897
511321.980 6964953.917 6.740
511322.437 6964953.802 7.522
511321.942 6964954.496 7.554
511323.732 6964955.587 7.464
511324.311 6964954.815 5.799
511326.670 6964955.805 5.833
511327.440 6964952.385 7.548
511324.759 6964954.354 7.387
511324.653 6964955.446 7.637
511327.568 6964954.889 6.222
511320.410 6964956.084 5.907
511322.041 6964957.138 5.875
511321.271 6964959.804 4.433
511320.795 6964959.400 5.933
511323.019 6964959.568 5.962
511323.536 6964956.107 6.036
511323.722 6964956.341 7.662
511322.607 6964957.532 7.686
511321.825 6964958.123 6.108
511321.628 6964958.301 7.675
511322.351 6964958.152 7.717
511323.258 6964958.717 7.752
511325.822 6964956.833 5.868
511325.610 6964957.200 5.877
511324.000 6964958.494 5.928
511327.597 6964958.201 5.938
511325.869 6964956.755 6.980
511324.828 6964956.910 7.685
511325.836 6964957.517 7.704
511327.646 6964956.541 7.692
511327.747 6964957.147 7.722
511325.923 6964958.024 7.729
511324.747 6964959.737 7.793
511327.793 6964958.404 6.306
511327.320 6964959.073 6.006
511327.036 6964958.794 7.169
511317.568 6964950.856 8.316
511339.090 6964929.199 3.631
511343.434 6964930.366 3.806
511342.886 6964929.555 4.948
511334.257 6964936.264 3.508
511332.196 6964941.018 2.599
511330.212 6964943.268 5.427
511337.485 6964940.776 1.890
511344.022 6964929.570 1.301
511345.484 6964932.241 1.619
511345.087 6964933.430 3.600
511344.447 6964929.312 6.672
511345.961 6964934.358 4.663
511350.552 6964935.009 5.149
511353.736 6964929.971 6.499
511351.362 6964937.338 1.642
511348.806 6964936.784 4.175
511344.583 6964940.923 5.427
511354.676 6964941.491 3.458
511356.230 6964941.615 2.242
511357.960 6964943.240 3.003
511354.580 6964939.871 4.852
511354.098 6964941.389 6.294
511328.745 6964945.903 0.577
511328.583 6964948.212 0.685
511332.871 6964945.090 5.628
511330.263 6964951.883 5.803
511333.115 6964948.515 5.770
511336.669 6964944.275 5.728
511338.852 6964950.992 5.774
511343.792 6964950.140 6.493
511328.213 6964959.230 1.073
511333.856 6964959.844 1.067
511330.396 6964955.433 5.879
511328.195 6964954.322 6.005
511330.996 6964954.512 6.279
511332.782 6964954.935 5.866
511334.646 6964953.801 6.431
511335.117 6964955.276 6.747
511331.832 6964956.747 5.931
511329.547 6964956.438 6.053
511328.626 6964956.602 7.678
511331.325 6964957.664 6.143
511329.747 6964958.310 6.602
511329.064 6964959.632 6.032
511329.569 6964959.863 7.344
511331.934 6964959.163 6.043
511330.343 6964959.068 7.700
511332.387 6964958.857 5.989
511335.170 6964959.244 5.894
511332.320 6964956.670 7.584
511334.286 6964957.694 7.432
511332.121 6964959.395 6.006
511333.625 6964958.432 7.189
511333.139 6964959.320 7.710
511334.607 6964958.022 7.661
511336.778 6964954.417 5.821
511336.836 6964955.594 7.573
511343.787 6964955.918 6.719
511337.115 6964959.862 5.836
511339.248 6964956.466 7.459
511336.141 6964959.990 7.587
511342.395 6964957.259 5.710
511341.576 6964958.532 6.906
511351.386 6964946.663 5.259
511353.419 6964944.578 6.380
511345.308 6964953.825 5.659
511344.349 6964958.701 5.547
511355.621 6964955.461 3.029
511298.350 6964965.109 3.376
511301.235 6964963.331 6.379
511301.720 6964967.320 4.643
511311.895 6964961.567 2.622
511309.399 6964967.530 0.700
511309.013 6964966.320 3.880
511308.743 6964967.188 4.351
511299.336 6964969.057 3.429
511302.223 6964969.425 2.048
511297.853 6964973.569 2.569
511297.850 6964975.499 2.261
511300.846 6964973.671 1.956
511301.032 6964974.115 1.872
511303.416 6964974.965 1.397
511303.916 6964973.951 3.559
511302.973 6964974.385 3.603
511299.822 6964971.722 4.170
511302.495 6964968.027 5.300
511302.311 6964968.033 7.171
511297.550 6964974.011 5.251
511299.842 6964974.233 5.524
511299.658 6964974.996 6.032
511300.877 6964973.965 5.644
511300.861 6964974.339 6.036
511304.843 6964970.314 0.840
511306.644 6964969.821 3.518
511306.547 6964971.434 3.061
511308.843 6964969.328 2.071
511306.224 6964973.058 0.602
511306.472 6964974.099 0.981
511306.712 6964972.904 2.976
511304.288 6964974.970 3.459
511305.313 6964971.373 4.079
511309.580 6964968.790 7.046
511310.415 6964971.900 6.661
511306.844 6964972.398 6.426
511304.485 6964975.081 6.516
511306.850 6964975.870 6.578
511309.990 6964972.366 6.741
511311.931 6964973.812 6.570
511311.036 6964974.894 6.660
511302.563 6964963.301 9.078
511296.616 6964972.482 8.082
511297.695 6964970.431 13.149
511304.328 6964973.629 8.188
511306.314 6964974.479 8.337
511309.149 6964974.313 8.345
511314.346 6964962.199 1.020
511319.737 6964963.793 1.059
511312.100 6964966.951 3.451
511319.272 6964960.958 6.839
511315.761 6964965.315 6.538
511319.008 6964965.145 6.175
511321.758 6964960.212 1.339
511322.050 6964960.474 1.721
511322.355 6964961.115 1.641
511323.028 6964963.565 1.176
511320.069 6964960.295 3.087
511322.165 6964960.716 2.075
511322.058 6964960.497 3.844
511325.077 6964960.078 1.058
511326.416 6964960.219 1.097
511325.331 6964963.630 1.165
511325.439 6964964.243 1.213
511326.018 6964965.032 1.192
511327.864 6964966.628 1.098
511327.742 6964965.410 2.532
511327.741 6964965.399 3.841
511321.367 6964961.397 4.180
511322.156 6964960.714 4.279
511323.150 6964961.675 4.375
511322.865 6964960.399 5.981
511322.320 6964962.055 4.434
511323.944 6964963.725 5.882
511322.887 6964961.383 6.511
511323.622 6964961.578 7.388
511322.857 6964963.529 7.077
511324.440 6964962.318 5.287
511326.414 6964963.957 5.177
511324.573 6964961.428 6.048
511324.765 6964960.360 7.818
511324.337 6964961.723 7.297
511326.657 6964961.957 6.688
511326.928 6964961.541 7.188
511325.856 6964962.767 7.428
511326.145 6964963.192 6.152
511326.799 6964963.596 7.897
511325.655 6964964.784 4.865
511327.384 6964964.781 4.936
511327.336 6964964.726 5.177
511326.774 6964966.073 5.935
511327.396 6964964.801 6.191
511327.723 6964966.864 7.220
511313.723 6964971.231 6.416
511319.080 6964968.829 6.692
511319.104 6964971.248 6.446
511315.950 6964972.727 6.555
511312.960 6964975.721 7.201
511317.607 6964973.180 6.516
511317.333 6964974.264 6.558
511318.115 6964975.699 6.636
511326.999 6964970.500 1.047
511323.929 6964969.955 7.651
511324.388 6964969.289 6.863
511320.878 6964972.348 6.559
511323.092 6964973.332 7.370
511323.122 6964974.625 7.126
511324.719 6964974.869 6.353
511327.566 6964975.170 6.784
511317.541 6964970.671 8.110
511316.143 6964974.296 8.257
511327.894 6964973.151 8.040
511297.774 6964977.279 1.990
511298.710 6964977.407 1.891
511299.008 6964977.733 1.834
511296.469 6964978.785 1.825
511297.383 6964978.579 1.866
511296.993 6964979.093 1.947
511297.313 6964979.424 1.813
511298.428 6964978.021 1.949
511299.354 6964978.372 1.800
511299.704 6964978.654 1.874
511299.399 6964979.469 1.804
511299.358 6964979.968 1.755
511297.425 6964976.281 2.193
511297.082 6964977.753 2.001
511297.874 6964977.983 3.508
511298.683 6964977.138 2.240
511298.179 6964976.485 3.859
511299.336 6964977.264 3.776
511296.074 6964979.153 2.283
511298.515 6964978.438 2.131
511300.674 6964976.279 1.893
511300.473 6964977.850 1.917
511303.691 6964976.818 1.114
511300.842 6964978.061 1.903
511301.098 6964978.335 1.852
511300.446 6964979.307 1.844
511300.517 6964979.574 1.824
511301.956 6964979.448 1.926
511303.478 6964978.264 1.147
511303.575 6964979.809 1.417
511302.876 6964976.082 3.452
511296.251 6964980.755 1.895
511297.867 6964980.310 1.822
511296.322 6964981.772 1.987
511297.613 6964981.947 1.774
511298.996 6964980.439 1.781
511298.600 6964980.729 1.847
511299.644 6964980.154 1.743
511299.481 6964980.999 1.742
511298.399 6964981.376 1.964
511298.009 6964981.802 1.790
511299.089 6964981.010 1.780
511299.510 6964981.506 1.727
511297.175 6964982.774 1.867
511297.533 6964983.302 1.719
511298.715 6964982.160 1.721
511298.974 6964982.819 1.708
511299.435 6964982.623 1.719
511298.468 6964983.482 1.696
511299.395 6964983.008 1.704
511299.111 6964983.941 1.686
511297.305 6964980.181 2.303
511297.410 6964980.002 3.509
511297.914 6964982.198 2.058
511300.636 6964980.137 1.800
511300.543 6964980.887 1.747
511301.851 6964980.182 1.907
511301.952 6964980.657 1.867
511300.499 6964981.528 1.742
511301.537 6964981.080 1.803
511301.733 6964981.587 1.761
511302.730 6964980.303 1.824
511303.526 6964980.069 1.605
511302.752 6964981.062 1.872
511302.719 6964981.583 1.826
511303.787 6964981.406 1.779
511300.190 6964982.312 1.725
511300.818 6964982.717 1.715
511301.976 6964982.255 1.747
511301.915 6964982.834 1.727
511300.752 6964983.321 1.705
511300.856 6964983.868 1.699
511301.339 6964983.507 1.709
511302.485 6964982.220 1.837
511302.387 6964982.607 1.745
511303.169 6964982.267 1.812
511303.042 6964982.572 1.819
511303.711 6964982.920 1.803
511302.370 6964983.557 1.718
511303.412 6964983.327 1.731
511303.003 6964983.760 1.732
511296.433 6964977.378 4.095
511296.363 6964977.252 5.406
511298.162 6964977.608 4.153
511299.889 6964977.895 4.199
511298.707 6964977.892 5.312
511297.758 6964978.246 4.043
511297.142 6964978.672 4.865
511298.052 6964978.453 4.492
511299.231 6964978.350 4.010
511298.818 6964978.346 5.660
511297.915 6964977.133 6.383
511298.089 6964977.211 6.719
511299.963 6964979.801 6.736
511303.825 6964976.053 6.559
511302.259 6964977.976 6.779
511302.753 6964977.036 7.897
511301.157 6964978.860 6.640
511300.189 6964979.735 6.674
511301.022 6964979.411 6.654
511301.142 6964978.984 7.931
511300.668 6964979.560 7.843
511303.648 6964979.775 6.704
511299.451 6964980.481 6.696
511299.927 6964980.577 6.696
511298.773 6964981.683 6.733
511299.731 6964981.025 6.882
511299.817 6964980.589 7.579
511299.519 6964981.164 7.080
511297.428 6964983.102 6.779
511297.906 6964983.067 7.186
511298.535 6964982.065 6.745
511298.365 6964982.352 7.350
511300.028 6964980.345 6.688
511301.915 6964981.689 6.768
511301.936 6964981.819 7.817
511303.182 6964980.034 6.719
511302.275 6964981.305 6.757
511302.683 6964980.605 7.320
511302.473 6964981.177 7.307
511300.888 6964982.715 6.799
511301.915 6964982.065 6.776
511300.489 6964983.043 6.813
511300.440 6964983.508 6.824
511301.653 6964982.486 7.040
511300.920 6964983.372 7.028
511302.046 6964982.007 6.897
511303.639 6964983.262 6.838
511303.589 6964983.886 6.880
511303.992 6964983.086 7.801
511305.241 6964976.479 1.938
511304.178 6964980.144 1.259
511304.629 6964981.854 1.705
511304.489 6964982.211 1.821
511304.440 6964982.768 1.902
511305.166 6964982.640 1.860
511304.257 6964983.230 1.855
511304.934 6964983.425 1.803
511305.412 6964983.050 1.857
511305.139 6964983.975 1.740
511305.910 6964983.758 1.822
511307.124 6964982.491 1.726
511306.940 6964983.175 1.845
511306.791 6964983.668 1.809
511307.036 6964983.694 1.855
511309.063 6964981.688 1.261
511309.613 6964982.874 1.809
511308.276 6964983.960 1.928
511309.225 6964983.654 1.864
511311.609 6964982.276 1.484
511310.072 6964983.800 1.812
511311.930 6964983.162 1.796
511305.786 6964976.877 6.615
511305.741 6964977.233 7.532
511306.565 6964976.230 7.502
511304.373 6964979.202 6.726
511304.162 6964979.142 7.334
511306.662 6964979.787 6.724
511306.975 6964979.485 7.446
511309.070 6964976.632 6.619
511309.245 6964976.737 7.662
511311.986 6964976.898 7.257
511309.941 6964979.769 7.207
511310.699 6964979.077 6.767
511310.121 6964979.476 7.813
511304.815 6964981.982 6.797
511305.324 6964980.841 7.018
511305.302 6964981.532 7.308
511306.375 6964980.522 6.893
511304.318 6964982.062 6.834
511304.063 6964982.963 6.825
511304.100 6964982.634 7.430
511305.936 6964983.883 7.010
511307.455 6964982.927 6.830
511306.283 6964983.802 6.869
511307.855 6964982.212 7.487
511306.609 6964983.390 7.468
511307.388 6964983.088 7.040
511309.109 6964980.799 6.773
511308.866 6964980.992 7.477
511308.125 6964981.972 7.273
511311.941 6964980.761 6.797
511311.164 6964981.715 6.828
511311.481 6964981.516 7.151
511309.687 6964982.911 6.870
511309.541 6964983.466 6.890
511309.548 6964982.619 7.386
511309.892 6964983.451 7.337
511310.521 6964982.074 6.839
511311.650 6964983.726 6.885
511310.334 6964982.952 7.620
511311.665 6964983.415 7.587
511297.539 6964984.510 1.675
511298.024 6964984.487 1.667
511299.445 6964984.379 1.666
511298.105 6964985.405 1.599
511299.385 6964985.660 1.580
511297.931 6964986.153 1.544
511297.696 6964987.926 1.616
511299.276 6964986.925 1.502
511296.407 6964986.929 2.086
511297.766 6964987.977 2.740
511297.297 6964987.704 3.905
511300.973 6964984.373 1.690
511301.267 6964984.205 1.699
511301.114 6964984.793 1.729
511300.609 6964985.091 1.671
511301.138 6964985.266 1.657
511301.985 6964985.718 1.685
511302.176 6964984.608 1.711
511302.854 6964984.999 1.726
511303.575 6964984.488 1.757
511302.207 6964985.197 1.705
511302.198 6964985.753 1.694
511303.428 6964985.410 1.735
511303.766 6964985.513 1.741
511300.553 6964986.910 1.567
511300.085 6964987.054 1.552
511301.237 6964987.816 1.580
511302.097 6964987.000 1.661
511303.925 6964986.295 1.740
511302.659 6964987.333 1.681
511303.294 6964987.528 1.699
511296.720 6964988.662 1.750
511296.784 6964989.945 1.396
511297.742 6964989.510 1.981
511299.266 6964988.308 1.543
511298.752 6964989.743 1.598
511296.749 6964990.256 1.382
511297.691 6964990.502 1.384
511296.600 6964991.652 1.381
511297.896 6964991.711 1.385
511299.787 6964990.274 1.474
511298.909 6964991.588 1.404
511296.554 6964988.322 2.193
511297.892 6964988.080 2.397
511297.311 6964989.112 2.516
511296.703 6964988.631 3.255
511297.003 6964988.900 3.627
511297.455 6964989.274 3.899
511298.317 6964988.429 2.707
511298.842 6964989.640 2.140
511298.675 6964989.827 2.781
511298.511 6964988.583 3.770
511298.915 6964989.248 3.629
511300.887 6964988.076 1.552
511300.888 6964989.058 1.540
511302.993 6964988.098 1.681
511303.575 6964988.848 1.671
511303.943 6964989.513 1.650
511301.924 6964990.407 1.531
511301.637 6964991.252 1.492
511303.514 6964990.181 1.591
511303.767 6964991.371 1.559
511297.022 6964987.630 4.689
511296.555 6964987.211 5.324
511297.003 6964987.418 5.558
511297.237 6964984.020 6.810
511299.518 6964984.122 6.867
511298.602 6964985.341 6.885
511299.962 6964984.210 7.678
511296.183 6964986.558 6.112
511297.184 6964987.368 6.071
511297.909 6964987.971 6.784
511297.479 6964987.447 7.353
511298.319 6964986.279 7.380
511301.117 6964985.966 6.926
511301.868 6964985.331 7.806
511302.404 6964984.707 6.884
511303.007 6964984.554 6.874
511302.935 6964984.040 7.633
511302.089 6964985.380 7.471
511301.540 6964986.003 6.916
511301.194 6964986.147 7.491
511303.733 6964986.745 6.968
511303.851 6964986.405 7.091
511303.597 6964987.663 7.089
511296.417 6964988.035 4.652
511297.464 6964989.283 4.044
511297.781 6964989.534 4.725
511296.287 6964988.462 5.979
511297.584 6964989.376 5.062
511298.033 6964988.220 4.006
511298.675 6964988.764 4.897
511298.805 6964989.028 4.967
511298.639 6964988.692 5.138
511298.028 6964989.660 5.091
511299.114 6964989.546 5.135
511298.747 6964990.148 5.453
511299.509 6964990.255 5.380
511299.719 6964991.141 5.800
511296.133 6964988.542 6.979
511297.580 6964989.504 6.385
511296.857 6964988.039 7.535
511297.748 6964989.505 7.045
511298.602 6964988.527 6.140
511298.026 6964989.875 6.011
511299.801 6964989.504 6.878
511299.735 6964988.388 7.979
511297.759 6964990.017 7.151
511296.866 6964991.127 7.183
511297.444 6964991.163 7.095
511298.516 6964990.273 6.154
511299.077 6964990.718 6.671
511298.158 6964990.245 7.056
511299.284 6964990.393 7.682
511299.423 6964991.012 7.674
511300.330 6964990.700 5.689
511300.224 6964991.618 5.928
511301.951 6964991.659 5.883
511300.205 6964989.927 7.545
511302.215 6964988.381 7.260
511303.299 6964988.019 7.025
511300.512 6964990.079 6.549
511300.261 6964991.687 6.172
511301.914 6964991.218 6.533
511301.584 6964990.894 7.949
511301.953 6964991.196 7.698
511302.866 6964991.991 6.995
511302.323 6964991.503 7.155
511304.822 6964984.213 1.723
511305.100 6964984.209 1.724
511305.129 6964984.699 1.725
511304.474 6964985.029 1.729
511304.110 6964985.550 1.759
511305.275 6964985.362 1.744
511305.341 6964985.834 1.738
511306.139 6964984.372 1.784
511306.061 6964984.792 1.740
511307.230 6964984.389 1.775
511307.046 6964984.633 1.759
511306.247 6964985.128 1.731
511306.426 6964985.880 1.734
511307.975 6964985.195 1.737
511307.593 6964985.735 1.751
511304.047 6964986.656 1.729
511305.345 6964986.329 1.741
511305.554 6964986.540 1.741
511304.995 6964987.320 1.730
511305.719 6964987.240 1.742
511306.401 6964986.014 1.741
511306.074 6964986.808 1.753
511307.294 6964986.295 1.751
511307.068 6964986.508 1.754
511306.284 6964987.044 1.752
511306.769 6964987.714 1.748
511307.604 6964987.415 1.737
511308.081 6964984.071 1.881
511308.653 6964984.255 1.878
511308.680 6964984.789 1.737
511309.561 6964984.083 1.907
511309.577 6964984.625 1.740
511308.257 6964985.428 1.740
511308.970 6964985.705 1.735
511309.972 6964985.488 1.710
511310.240 6964984.255 1.843
511310.262 6964984.789 1.725
511310.542 6964984.748 1.779
511311.795 6964984.484 1.661
511311.910 6964984.652 1.636
511310.903 6964985.044 1.644
511310.480 6964985.987 1.689
511311.722 6964985.336 1.614
511308.290 6964986.315 1.739
511308.603 6964986.616 1.738
511309.826 6964986.352 1.719
511309.935 6964986.972 1.715
511308.224 6964987.505 1.723
511309.407 6964987.189 1.716
511309.159 6964987.827 1.721
511310.180 6964986.435 1.704
511310.462 6964986.608 1.709
511311.111 6964986.241 1.647
511311.456 6964986.921 1.605
511310.507 6964987.020 1.703
511310.657 6964987.726 1.678
511311.975 6964987.059 1.588
511311.684 6964987.912 1.619
511305.345 6964988.070 1.726
511304.597 6964989.291 1.667
511306.378 6964988.083 1.745
511307.479 6964988.082 1.727
511306.357 6964989.026 1.715
511307.250 6964989.647 1.679
511305.169 6964990.643 1.621
511306.240 6964990.016 1.663
511306.327 6964991.172 1.634
511308.373 6964988.457 1.705
511309.069 6964988.312 1.706
511308.187 6964989.221 1.681
511309.531 6964989.326 1.680
511310.892 6964988.274 1.660
511311.971 6964988.068 1.595
511310.916 6964989.132 1.636
511311.785 6964989.586 1.578
511309.805 6964990.541 1.612
511310.918 6964990.141 1.608
511310.518 6964991.746 1.531
511305.241 6964984.997 6.913
511304.834 6964985.508 6.928
511305.191 6964985.733 6.954
511305.954 6964984.508 7.863
511305.773 6964985.032 7.030
511306.255 6964984.447 6.991
511307.134 6964985.693 6.963
511306.049 6964984.386 7.445
511307.637 6964984.836 7.955
511307.510 6964985.091 7.445
511307.892 6964985.916 7.819
511304.016 6964986.489 7.473
511305.712 6964987.350 7.088
511305.850 6964987.960 7.043
511306.505 6964986.669 7.000
511306.571 6964986.273 7.238
511306.433 6964986.372 7.592
511307.022 6964986.789 7.006
511306.463 6964987.381 7.027
511306.274 6964987.880 7.933
511308.257 6964984.526 6.926
511308.195 6964985.155 6.948
511308.719 6964984.846 7.169
511309.147 6964984.359 7.432
511308.517 6964985.134 7.587
511309.580 6964985.908 7.864
511311.659 6964984.181 6.893
511311.506 6964984.820 6.948
511310.490 6964985.549 6.941
511310.394 6964984.985 7.457
511311.586 6964984.758 7.161
511310.919 6964985.550 7.095
511311.103 6964985.371 7.368
511309.843 6964986.398 6.971
511309.224 6964987.236 6.996
511309.244 6964986.401 7.338
511309.896 6964986.883 7.782
511308.045 6964987.957 7.033
511308.659 6964987.043 7.755
511310.075 6964986.011 6.956
