9508.139 173535.611 1.568
9332.092 173053.271 1.241
9370.66 172640.649 1.772
9043.532 171829.601 1.761
8983.16 170443.567 4.714
9111.859 170074.456 2.632
9243.956 169689.506 4.715
9644.429 169261.878 2.77
11129.396 166427.148 5.735
11304.825 165940.585 7.618
11709.174 165513.922 2.433
11868.793 165035.268 1.27
11860.604 164645.857 4.032
11920.533 164068.076 2.325
12184.253 163491.47 10.382
12360.955 162819.543 1.745
12756.487 162130.785 7.169
12619.224 161295.901 22.014
12583.592 160857.018 37.143
12661.879 160289.193 39.497
12609.022 159620.488 49.548
12494.998 158917.094 32.334
12407.162 158348.338 30.152
12007.999 157742.468 27.057
11810.975 157214.917 39.479
11765.544 156883.093 25.323
